0.0,0.0
0.016678,0.0
0.033356,0.0
0.050035,0.0
0.066713,0.0
0.083391,0.0
0.100069,0.0
0.116748,0.0
0.133426,0.0
0.150104,0.0
0.166782,0.0
0.183461,0.0
0.200139,0.0
0.216817,0.0
0.233495,0.0
0.250174,0.0
0.266852,0.0
0.28353,0.0
0.300208,0.0
0.316887,0.0
0.333565,0.0
0.350243,0.0
0.366921,0.0
0.3836,0.0
0.400278,0.0
0.416956,0.0
0.433634,0.0
0.450313,0.0
0.466991,0.0
0.483669,0.0
0.500347,0.0
0.517026,0.0
0.533704,0.0
0.550382,0.0
0.56706,0.0
0.583739,0.0
0.600417,0.0
0.617095,0.0
0.633773,0.0
0.650452,0.0
0.66713,0.0
0.683808,0.0
0.700486,0.0
0.717165,0.0
0.733843,0.0
0.750521,0.0
0.767199,0.0
0.783878,0.0
0.800556,0.0
0.817234,0.0
0.833912,0.0
0.850591,0.0
0.867269,0.0
0.883947,0.0
0.900625,0.0
0.917304,0.0
0.933982,0.0
0.95066,0.0
0.967338,0.0
0.984017,0.0
1.000695,0.0
1.017373,0.0
1.034051,0.0
1.05073,0.0
1.067408,0.0
1.084086,0.0
1.100764,0.0
1.117443,0.0
1.134121,0.0
1.150799,0.0
1.167477,0.0
1.184156,0.0
1.200834,0.0
1.217512,0.0
1.23419,0.0
1.250869,0.0
1.267547,0.0
1.284225,0.0
1.300903,0.0
1.317582,0.0
1.33426,0.0
1.350938,0.0
1.367616,0.0
1.384295,0.0
1.400973,0.0
1.417651,0.0
1.434329,0.0
1.451008,0.0
1.467686,0.0
1.484364,0.0
1.501042,0.0
1.517721,0.0
1.534399,0.0
1.551077,0.0
1.567755,0.0
1.584434,0.0
1.601112,0.0
1.61779,0.0
1.634468,0.0
1.651147,0.0
1.667825,0.0
1.684503,0.0
1.701181,0.0
1.71786,0.0
1.734538,0.0
1.751216,0.0
1.767894,0.0
1.784573,0.0
1.801251,0.0
1.817929,0.0
1.834607,0.0
1.851286,0.0
1.867964,0.0
1.884642,0.0
1.90132,0.0
1.917999,0.0
1.934677,0.0
1.951355,0.0
1.968033,0.0
1.984712,0.0
2.00139,0.0
2.018068,0.0
2.034746,0.0
2.051425,0.0
2.068103,0.0
2.084781,0.0
2.101459,0.0
2.118138,0.0
2.134816,0.0
2.151494,0.0
2.168172,0.0
2.184851,0.0
2.201529,0.0
2.218207,0.0
2.234885,0.0
2.251564,0.0
2.268242,0.0
2.28492,0.0
2.301598,0.0
2.318277,0.0
2.334955,0.0
2.351633,0.0
2.368311,0.0
2.38499,0.0
2.401668,0.0
2.418346,0.0
2.435024,0.0
2.451703,0.0
2.468381,0.0
2.485059,0.0
2.501737,0.0
2.518416,0.0
2.535094,0.0
2.551772,0.0
2.56845,0.0
2.585129,0.0
2.601807,0.0
2.618485,0.0
2.635163,0.0
2.651842,0.0
2.66852,0.0
2.685198,0.0
2.701876,0.0
2.718555,0.0
2.735233,0.0
2.751911,0.0
2.768589,0.0
2.785268,0.0
2.801946,0.0
2.818624,0.0
2.835302,0.0
2.851981,0.0
2.868659,0.0
2.885337,0.0
2.902015,0.0
2.918694,0.0
2.935372,0.0
2.95205,0.0
2.968728,0.0
2.985407,0.0
3.002085,0.0
3.018763,0.0
3.035441,0.0
3.05212,0.0
3.068798,0.0
3.085476,0.0
3.102154,0.0
3.118833,0.0
3.135511,0.0
3.152189,0.0
3.168867,0.0
3.185546,0.0
3.202224,0.0
3.218902,0.0
3.23558,0.0
3.252259,0.0
3.268937,0.0
3.285615,0.0
3.302293,0.0
3.318972,0.0
3.33565,0.0
3.352328,0.0
3.369006,0.0
3.385685,0.0
3.402363,0.0
3.419041,0.0
3.435719,0.0
3.452397,0.0
3.469076,0.0
3.485754,0.0
3.502432,0.0
3.51911,0.0
3.535789,0.0
3.552467,0.0
3.569145,0.0
3.585823,0.0
3.602502,0.0
3.61918,0.0
3.635858,0.0
3.652536,0.0
3.669215,0.0
3.685893,0.0
3.702571,0.0
3.719249,0.0
3.735928,0.0
3.752606,0.0
3.769284,0.0
3.785962,0.0
3.802641,0.0
3.819319,0.0
3.835997,0.0
3.852675,0.0
3.869354,0.0
3.886032,0.0
3.90271,0.0
3.919388,0.0
3.936067,0.0
3.952745,0.0
3.969423,0.0
3.986101,0.0
4.00278,0.0
4.019458,0.0
4.036136,0.0
4.052814,0.0
4.069493,0.0
4.086171,0.0
4.102849,0.0
4.119527,0.0
4.136206,0.0
4.152884,0.0
4.169562,0.0
4.18624,0.0
4.202919,0.0
4.219597,0.0
4.236275,0.0
4.252953,0.0
4.269632,0.0
4.28631,0.0
4.302988,0.0
4.319666,0.0
4.336345,0.0
4.353023,0.0
4.369701,0.0
4.386379,0.0
4.403058,0.0
4.419736,0.0
4.436414,0.0
4.453092,0.0
4.469771,0.0
4.486449,0.0
4.503127,0.0
4.519805,0.0
4.536484,0.0
4.553162,0.0
4.56984,0.0
4.586518,0.0
4.603197,0.0
4.619875,0.0
4.636553,0.0
4.653231,0.0
4.66991,0.0
4.686588,0.0
4.703266,0.0
4.719944,0.0
4.736623,0.0
4.753301,0.0
4.769979,0.0
4.786657,0.0
4.803336,0.0
4.820014,0.0
4.836692,0.0
4.85337,0.0
4.870049,0.0
4.886727,0.0
4.903405,0.0
4.920083,0.0
4.936762,0.0
4.95344,0.0
4.970118,0.0
4.986796,0.0
5.003475,0.0
5.020153,0.0
5.036831,0.0
5.053509,0.0
5.070188,0.0
5.086866,0.0
5.103544,0.0
5.120222,0.0
5.136901,0.0
5.153579,0.0
5.170257,0.0
5.186935,0.0
5.203614,0.0
5.220292,0.0
5.23697,0.0
5.253648,0.0
5.270327,0.0
5.287005,0.0
5.303683,0.0
5.320361,0.0
5.33704,0.0
5.353718,0.0
5.370396,0.0
5.387074,0.0
5.403753,0.0
5.420431,0.0
5.437109,0.0
5.453787,0.0
5.470466,0.0
5.487144,0.0
5.503822,0.0
5.5205,0.0
5.537179,0.0
5.553857,0.0
5.570535,0.0
5.587213,0.0
5.603892,0.0
5.62057,0.0
5.637248,0.0
5.653926,0.0
5.670605,0.0
5.687283,0.0
5.703961,0.0
5.720639,0.0
5.737318,0.0
5.753996,0.0
5.770674,0.0
5.787352,0.0
5.804031,0.0
5.820709,0.0
5.837387,0.0
5.854065,0.0
5.870744,0.0
5.887422,0.0
5.9041,0.0
5.920778,0.0
5.937457,0.0
5.954135,0.0
5.970813,0.0
5.987491,0.0
6.00417,0.0
6.020848,0.0
6.037526,0.0
6.054204,0.0
6.070883,0.0
6.087561,0.0
6.104239,0.0
6.120917,0.0
6.137596,0.0002309886
6.154274,0.0002309886
6.170952,0.0
6.18763,0.0002309886
6.204309,0.0002309886
6.220987,0.0
6.237665,0.0002309886
6.254343,0.0002309886
6.271022,0.0002309886
6.2877,0.0002309886
6.304378,0.0
6.321056,0.0002309886
6.337735,0.0002309886
6.354413,0.0002309886
6.371091,0.0002309886
6.387769,0.0005774715
6.404448,0.0005774715
6.421126,0.0005774715
6.437804,0.0009239544
6.454482,0.0009239544
6.471161,0.0012704372999999998
6.487839,0.0009239544
6.504517,0.0009239544
6.521195,0.0009239544
6.537874,0.0009239544
6.554552,0.0012704372999999998
6.57123,0.0012704372999999998
6.587908,0.0016169202
6.604587,0.0016169202
6.621265,0.0019634031
6.637943,0.0019634031
6.654621,0.0019634031
6.6713,0.002309886
6.687978,0.0019634031
6.704656,0.0026563689
6.721334,0.0026563689
6.738013,0.0026563689
6.754691,0.0030028518
6.771369,0.0030028518
6.788047,0.0033493347
6.804726,0.0036958176
6.821404,0.0036958176
6.838082,0.0040423005
6.85476,0.0040423005
6.871438,0.0040423005
6.888117,0.0040423005
6.904795,0.0040423005
6.921473,0.0043887833999999995
6.938151,0.0047352663
6.95483,0.005081749199999999
6.971508,0.0047352663
6.988186,0.0054282320999999994
7.004864,0.005774715
7.021543,0.005774715
7.038221,0.006121197899999999
7.054899,0.006121197899999999
7.071577,0.006121197899999999
7.088256,0.0068141637
7.104934,0.0068141637
7.121612,0.0071606466
7.13829,0.0071606466
7.154969,0.0071606466
7.171647,0.0075071295
7.188325,0.00779586525
7.205003,0.008200095299999998
7.221682,0.008546578199999998
7.23836,0.00883531395
7.255038,0.009239544
7.271716,0.009239544
7.288395,0.0095860269
7.305073,0.0095860269
7.321751,0.0099325098
7.338429,0.010221245549999999
7.355108,0.01056772845
7.371786,0.01091421135
7.388464,0.01091421135
7.405142,0.01126069425
7.421821,0.01160717715
7.438499,0.012300142949999999
7.455177,0.012646625849999999
7.471855,0.01299310875
7.488534,0.01333959165
7.505212,0.013686074549999998
7.52189,0.014379040349999999
7.538568,0.014725523249999999
7.555247,0.01507200615
7.571925,0.01576497195
7.588603,0.01611145485
7.605281,0.01645793775
7.62196,0.01680442065
7.638638,0.01680442065
7.655316,0.01749738645
7.671994,0.01784386935
7.688673,0.01853683515
7.705351,0.01922980095
7.722029,0.01957628385
7.738707,0.019922766749999998
7.755386,0.020269249649999998
7.772064,0.020615732549999998
7.788742,0.02130869835
7.80542,0.02165518125
7.822099,0.021943917
7.838777,0.02304111285
7.855455,0.023734078649999997
7.872133,0.024080561549999997
7.888812,0.0247157802
7.90549,0.025408746
7.922168,0.02581297605
7.938846,0.0264481947
7.955525,0.0267946776
7.972203,0.027891873449999997
7.988881,0.028180609199999998
8.005559,0.028873575
8.022238,0.0299130237
8.038916,0.0302595066
8.055594,0.0309524724
8.072272,0.0316454382
8.088951,0.032338404
8.105629,0.033031369799999995
8.122307,0.033724335599999995
8.138985,0.034070818499999996
8.155664,0.034417301399999996
8.172342,0.035110267199999996
8.18902,0.035803233
8.205698,0.0361497159
8.222377,0.03678493455
8.239055,0.0371891646
8.255733,0.0378821304
8.272411,0.038517349050000003
8.28909,0.039268062
8.305768,0.03996102779999999
8.322446,0.04030751069999999
8.339124,0.040653993599999994
8.355803,0.041058223649999996
8.372481,0.04198217805
8.389159,0.042732890999999995
8.405837,0.043425856799999996
8.422516,0.04417656975
8.439194,0.04510052415
8.455872,0.0455047542
8.47255,0.04619772
8.489229,0.0468906858
8.505907,0.04787238735
8.522585,0.04827661739999999
8.539263,0.04931606609999999
8.555942,0.04995128475
8.57262,0.05110622775
8.589298,0.051972435
8.605976,0.05318512515
8.622655,0.0537048495
8.639333,0.0545133096
8.656011,0.055495011149999995
8.672689,0.056187976949999996
8.689368,0.056996437049999994
8.706046,0.057169678499999994
8.722724,0.0579781386
8.739402,0.05907533444999999
8.756081,0.059595058799999996
8.772759,0.0604035189
8.789437,0.06150071474999999
8.806115,0.0625979106
8.822794,0.0636373593
8.839472,0.06461906084999999
8.85615,0.06600499245
8.872828,0.06704444115
8.889507,0.06773740695
8.906185,0.06802614269999999
8.922863,0.06871910849999999
8.939541,0.06975855719999999
8.95622,0.0706825116
8.972898,0.0720684432
8.989576,0.07339662764999999
9.006254,0.07478255924999999
9.022933,0.07651497374999999
9.039611,0.07674596234999999
9.056289,0.07743892814999999
9.072967,0.07847837684999999
9.089646,0.07951782554999999
9.106324,0.08021079134999999
9.123002,0.08084601
9.13968,0.08182771155
9.156359,0.08286716025
9.173037,0.08321364315
9.189715,0.08506155195
9.206393,0.08633198925
9.223072,0.0874291851
9.23975,0.08841088664999999
9.256428,0.09048978405
9.273106,0.0922799457
9.289785,0.093550383
9.306463,0.09493631459999999
9.323141,0.09539829179999999
9.339819,0.09632224619999999
9.356498,0.09805466069999999
9.373176,0.10048004099999999
9.389854,0.1024434441
9.406532,0.10354063994999999
9.423211,0.10423360574999999
9.439889,0.10492657154999999
9.456567,0.10585052595
9.473245,0.10527305444999999
9.489924,0.10423360574999999
9.506602,0.10527305444999999
9.52328,0.10700546894999999
9.539958,0.10804491764999999
9.556637,0.10908436634999999
9.573315,0.11012381504999999
9.589993,0.1114519995
9.606671,0.1135308969
9.62335,0.1142238627
9.640028,0.1152633114
9.656706,0.11630276009999999
9.673384,0.11699572589999999
9.690063,0.116649243
9.706741,0.1149168285
9.723419,0.11560979429999999
9.740097,0.11838165749999999
9.756776,0.12144225645000001
9.773454,0.12248170515
9.790132,0.12456060255
9.80681,0.12594653414999998
9.823489,0.12802543154999999
9.840167,0.12906488024999999
9.856845,0.1317789963
9.873523,0.13489734239999998
9.890202,0.13766920559999998
9.90688,0.14003683874999998
9.923558,0.14003683874999998
9.940236,0.13766920559999998
9.956915,0.1366297569
9.973593,0.1366297569
9.990271,0.1373227227
10.006949,0.13766920559999998
10.023628,0.13934387294999998
10.040306,0.14176925325
10.056984,0.14246221905
10.073662,0.14419463354999998
10.090341,0.14592704805
10.107019,0.147832704
10.123697,0.14610028949999998
10.140375,0.14592704805
10.157054,0.1503735786
10.173732,0.15141302729999997
10.19041,0.1545313734
10.207088,0.15505109775
10.223767,0.15505109775
10.240445,0.15574406355
10.257123,0.1552243392
10.273801,0.15886240964999998
10.290479,0.16036383555
10.307158,0.16140328425
10.323836,0.16209625005
10.340514,0.1650413547
10.357192,0.16590756195
10.373871,0.16885266659999998
10.390549,0.17260623134999997
10.407227,0.17329919714999997
10.423905,0.17364568005
10.440584,0.17433864585
10.457262,0.17607106034999997
10.47394,0.1784386935
10.490618,0.1815570396
10.507297,0.1825964883
10.523975,0.1839824199
10.540653,0.1850218686
10.557331,0.18600357015
10.57401,0.1846753857
10.590688,0.18600357015
10.607366,0.18600357015
10.624044,0.18704301885
10.640723,0.18842895045
10.657401,0.19016136495
10.674079,0.19327971105
10.690757,0.1949543784
10.707436,0.19224026235
10.724114,0.19085433075
10.740792,0.19224026235
10.75747,0.19154729655
10.774149,0.18842895045
10.790827,0.19154729655
10.807505,0.19293322815
10.824183,0.1939149297
10.840862,0.19362619395
10.85754,0.1973797587
10.874218,0.1984192074
10.890896,0.1980727245
10.907575,0.2008445877
10.924253,0.20286573794999999
10.940931,0.20286573794999999
10.957609,0.20286573794999999
10.974288,0.20390518665
10.990966,0.20390518665
11.007644,0.20598408405
11.024322,0.20633056695
11.041001,0.20737001565
11.057679,0.20737001565
11.074357,0.20737001565
11.091035,0.20771649855
11.107714,0.20737001565
11.124392,0.2104306146
11.14107,0.2173602726
11.157748,0.22076735444999998
11.174427,0.21903493995
11.191105,0.22111383735
11.207783,0.22007438864999998
11.224461,0.2180532384
11.24114,0.2180532384
11.257818,0.21903493995
11.274496,0.21972790575
11.291174,0.22111383735
11.307853,0.22111383735
11.324531,0.22423218344999998
11.341209,0.22596459794999998
11.357887,0.22631108084999998
11.374566,0.22596459794999998
11.391244,0.22457866634999998
11.407922,0.22492514924999998
11.4246,0.22146032024999998
11.441279,0.2177067555
11.457957,0.21597434100000001
11.474635,0.21562785809999999
11.491313,0.21354896069999998
11.507992,0.2132024778
11.52467,0.21493489229999999
11.541348,0.22007438864999998
11.558026,0.22388570054999998
11.574705,0.22423218344999998
11.591383,0.22423218344999998
11.608061,0.22457866634999998
11.624739,0.22180680315
11.641418,0.22042087155
11.658096,0.2183997213
11.674774,0.2180532384
11.691452,0.21868845704999998
11.708131,0.21938142284999998
11.724809,0.22388570054999998
11.741487,0.2297181627
11.758165,0.23249002589999998
11.774844,0.23352947459999995
11.791522,0.23520414195
11.8082,0.23555062484999997
11.824878,0.23936193674999998
11.841557,0.24040138545
11.858235,0.23832248804999998
11.874913,0.23936193674999998
11.891591,0.244847916
11.90827,0.2466958248
11.924948,0.2449634103
11.941626,0.24554088179999997
11.958304,0.2503916424
11.974983,0.25691707035
11.991661,0.25795651904999994
12.008339,0.2603241522
12.025017,0.2627495325
12.041696,0.2606706351
12.058374,0.25518465584999994
12.075052,0.2503916424
12.09173,0.2500451595
12.108409,0.25206630975
12.125087,0.25310575845
12.141765,0.25657058744999994
12.158443,0.25553113875
12.175122,0.25830300195
12.1918,0.26240304959999994
12.208478,0.2662143615
12.225156,0.2630960154
12.241835,0.2620565667
12.258513,0.25968893355
12.275191,0.2594001978
12.291869,0.25345224135
12.308548,0.25073812529999995
12.325226,0.2490057108
12.341904,0.25518465584999994
12.358582,0.25206630975
12.375261,0.24704230769999996
12.391939,0.24415495019999997
12.408617,0.24380846730000003
12.425295,0.24565637609999996
12.441974,0.24796626209999997
12.458652,0.24692681339999997
12.47533,0.24906345794999998
12.492008,0.25622410455
12.508687,0.25218180405
12.525365,0.24935219369999997
12.542043,0.24975642374999998
12.558721,0.2457718704
12.5754,0.2480817564
12.592078,0.256397346
12.608756,0.25766778329999995
12.625434,0.2566283346
12.642113,0.2583607491
12.658791,0.2566283346
12.675469,0.25766778329999995
12.692147,0.2599776693
12.708826,0.26009316359999995
12.725504,0.2480817564
12.742182,0.25252828695
12.75886,0.26084387655
12.775539,0.2655213957
12.792217,0.26627210864999995
12.808895,0.26009316359999995
12.825573,0.24554088179999997
12.842252,0.24120984554999997
12.85893,0.21095033894999998
12.875608,0.22469416065
12.892286,0.1741654044
12.908965,0.14113403459999999
12.925643,0.19651355145
12.942321,0.2486592279
12.958999,0.26240304959999994
12.975678,0.2655213957
12.992356,0.2613636009
13.009034,0.25518465584999994
13.025712,0.2490057108
13.042391,0.25010290665
13.059069,0.24738879059999996
13.075747,0.2449634103
13.092425,0.25495366725
13.109104,0.25044938954999996
13.125782,0.25628185169999995
13.14246,0.24842823929999996
13.159138,0.2573213004
13.175817,0.26523265995
13.192495,0.27071863919999994
13.209173,0.2741834682
13.225851,0.26326925685
13.24253,0.26419321125
13.259208,0.25916920920000003
13.275886,0.256397346
13.292564,0.25530015015
13.309243,0.25010290665
13.325921,0.2466958248
13.342599,0.24230704139999998
13.359277,0.2421915471
13.375956,0.2433464901
13.392634,0.23924644244999999
13.409312,0.24710005484999997
13.42599,0.25570438019999997
13.442669,0.25564663304999996
13.459347,0.25195081545000003
13.476025,0.24565637609999996
13.492703,0.2416140756
13.509382,0.23786051084999998
13.52606,0.23843798234999997
13.542738,0.24265352429999998
13.559416,0.25322125274999996
13.576095,0.2588227263
13.592773,0.258707232
13.609451,0.17503161165
13.626129,0.16278921585
13.642808,0.22122933165
13.659486,0.21539686949999998
13.676164,0.21886169849999998
13.692842,0.213664455
13.709521,0.20829397005
13.726199,0.20644606125
13.742877,0.1840979142
13.759555,0.1791316593
13.776233,0.1294691103
13.792912,0.12190423365000001
13.80959,0.1473707268
13.826268,0.15251022314999998
13.842946,0.16417514745
13.859625,0.15251022314999998
13.876303,0.1854838458
13.892981,0.18392467275
13.909659,0.1851373629
13.926338,0.17999786655
13.943016,0.14835242834999998
13.959694,0.15938213399999998
13.976372,0.147832704
13.993051,0.17364568005
14.009729,0.1999206333
14.026407,0.2157433524
14.043085,0.20887144154999998
14.059764,0.2164363182
14.076442,0.21886169849999998
14.09312,0.2143574208
14.109798,0.21198978764999998
14.126477,0.20748550994999998
14.143155,0.16278921585
14.159833,0.13449311235
14.176511,0.16763997645
14.19319,0.213664455
14.209868,0.22608009225
14.226546,0.2308731057
14.243224,0.2323745316
14.259903,0.23774501655
14.276581,0.24461692739999996
14.293259,0.2463493419
14.309937,0.24704230769999996
14.326616,0.24120984554999997
14.343294,0.2319125544
14.359972,0.2289097026
14.37665,0.23156607149999997
14.393329,0.23474216475
14.410007,0.23578161345
14.426685,0.23786051084999998
14.443363,0.23404919894999998
14.460042,0.2337604632
14.47672,0.23612809635
14.493398,0.23682106214999998
14.510076,0.23797600515
14.526755,0.23612809635
14.543433,0.23439568185
14.560111,0.22723503525
14.576789,0.22584910365
14.593468,0.22769701244999999
14.610146,0.2282167368
14.626824,0.22937167979999998
14.643502,0.22654206945
14.660181,0.22238427465
14.676859,0.2215180674
14.693537,0.2200166415
14.710215,0.2211715845
14.726894,0.22215328604999998
14.743572,0.22515613785
14.76025,0.23145057719999998
14.776928,0.23249002589999998
14.793607,0.2296026684
14.810285,0.22867871399999998
14.826963,0.2282167368
14.843641,0.22169130885
14.86032,0.2201321358
14.876998,0.2076587514
14.893676,0.2053488654
14.910354,0.20315447369999998
14.927033,0.19628256284999998
14.943711,0.14604254235
14.960389,0.1145703456
14.977067,0.11699572589999999
14.993746,0.1389396429
15.010424,0.2035009566
15.027102,0.19916992034999997
15.04378,0.1291226274
15.060459,0.17861193495
15.077137,0.1449453465
15.093815,0.13657200975
15.110493,0.10013355809999999
15.127172,0.09395461305
15.14385,0.09534054465
15.160528,0.0896235768
15.177206,0.08893061099999999
15.193885,0.08968132394999999
15.210563,0.09199120995
15.227241,0.09476307315
15.243919,0.09724620059999999
15.260598,0.09967158089999999
15.277276,0.16244273295
15.293954,0.12051830205
15.310632,0.08789116229999999
15.327311,0.0686036142
15.343989,0.06138522044999999
15.360667,0.08991231255
15.377345,0.0552062754
15.394024,0.0421554195
15.410702,0.03666944025
15.42738,0.0315299439
15.444058,0.027718631999999997
15.460737,0.02569748175
15.477415,0.023676331499999998
15.494093,0.0233298486
15.510771,0.0233298486
15.52745,0.024311550149999996
15.544128,0.025004515949999997
15.560806,0.0264481947
15.577484,0.0285270921
15.594163,0.03124120815
15.610841,0.03332010554999999
15.627519,0.0353412558
15.644197,0.03782438325
15.660876,0.039556797750000004
15.677554,0.04059624645
15.694232,0.0419244309
15.71091,0.0422709138
15.727589,0.0426173967
15.744267,0.0440033283
15.760945,0.0440033283
15.777623,0.05087523915
15.794302,0.04671744435
15.81098,0.03089472525
15.827658,0.0226368828
15.844336,0.017786122199999997
15.861015,0.013686074549999998
15.877693,0.01056772845
15.894371,0.00814234815
15.911049,0.00675641655
15.927728,0.005774715
15.944406,0.005081749199999999
15.961084,0.0050240020499999994
15.977762,0.005081749199999999
15.994441,0.005774715
16.011119,0.006063450749999999
16.027797,0.00640993365
16.044475,0.0068141637
16.061154,0.0075071295
16.077832,0.008200095299999998
16.09451,0.008546578199999998
16.111188,0.008893061099999999
16.127867,0.008893061099999999
16.144545,0.0078536124
16.161223,0.0071606466
16.177901,0.006121197899999999
16.19458,0.0054282320999999994
16.211258,0.0047352663
16.227936,0.0043887833999999995
16.244614,0.0043887833999999995
16.261293,0.0040423005
16.277971,0.0040423005
16.294649,0.0040423005
16.311327,0.0043887833999999995
16.328006,0.0040423005
16.344684,0.0040423005
16.361362,0.0040423005
16.37804,0.0040423005
16.394719,0.0040423005
16.411397,0.0040423005
16.428075,0.0040423005
16.444753,0.0040423005
16.461432,0.0040423005
16.47811,0.0036958176
16.494788,0.0036958176
16.511466,0.0036958176
16.528145,0.0036958176
16.544823,0.0036958176
16.561501,0.0036958176
16.578179,0.0033493347
16.594858,0.0033493347
16.611536,0.0030028518
16.628214,0.0033493347
16.644892,0.0033493347
16.661571,0.0033493347
16.678249,0.0033493347
16.694927,0.0033493347
16.711605,0.0033493347
16.728284,0.0033493347
16.744962,0.0033493347
16.76164,0.0033493347
16.778318,0.0033493347
16.794997,0.0033493347
16.811675,0.0033493347
16.828353,0.0030028518
16.845031,0.0033493347
16.86171,0.0033493347
16.878388,0.0033493347
16.895066,0.0033493347
16.911744,0.0033493347
16.928423,0.0033493347
16.945101,0.0030028518
16.961779,0.0033493347
16.978457,0.0030028518
16.995136,0.0033493347
17.011814,0.0033493347
17.028492,0.0033493347
17.04517,0.0036958176
17.061849,0.0036958176
17.078527,0.0036958176
17.095205,0.0036958176
17.111883,0.0040423005
17.128562,0.0040423005
17.14524,0.0040423005
17.161918,0.0043887833999999995
17.178596,0.0040423005
17.195274,0.0040423005
17.211953,0.0040423005
17.228631,0.0040423005
17.245309,0.0043887833999999995
17.261987,0.0043887833999999995
17.278666,0.0040423005
17.295344,0.0043887833999999995
17.312022,0.0043887833999999995
17.3287,0.0043887833999999995
17.345379,0.0043887833999999995
17.362057,0.0047352663
17.378735,0.0047352663
17.395413,0.0043887833999999995
17.412092,0.0047352663
17.42877,0.005081749199999999
17.445448,0.005081749199999999
17.462126,0.005081749199999999
17.478805,0.005081749199999999
17.495483,0.005081749199999999
17.512161,0.0054282320999999994
17.528839,0.0054282320999999994
17.545518,0.0054282320999999994
17.562196,0.006121197899999999
17.578874,0.005774715
17.595552,0.006121197899999999
17.612231,0.006121197899999999
17.628909,0.006121197899999999
17.645587,0.0064676808
17.662265,0.0068141637
17.678944,0.0071606466
17.695622,0.0071606466
17.7123,0.0075071295
17.728978,0.0075071295
17.745657,0.00779586525
17.762335,0.00779586525
17.779013,0.00814234815
17.795691,0.00814234815
17.81237,0.00848883105
17.829048,0.00918179685
17.845726,0.00883531395
17.862404,0.00883531395
17.879083,0.00883531395
17.895761,0.00883531395
17.912439,0.00848883105
17.929117,0.00883531395
17.945796,0.00814234815
17.962474,0.00848883105
17.979152,0.00814234815
17.99583,0.00779586525
18.012509,0.0075071295
18.029187,0.0075071295
18.045865,0.0071606466
18.062543,0.0071606466
18.079222,0.0071606466
18.0959,0.0071606466
18.112578,0.0071606466
18.129256,0.0071606466
18.145935,0.0071606466
18.162613,0.0068141637
18.179291,0.0064676808
18.195969,0.006121197899999999
18.212648,0.0054282320999999994
18.229326,0.005081749199999999
18.246004,0.0043887833999999995
18.262682,0.0040423005
18.279361,0.0040423005
18.296039,0.0033493347
18.312717,0.0036958176
18.329395,0.0036958176
18.346074,0.0036958176
18.362752,0.0036958176
18.37943,0.0033493347
18.396108,0.0036958176
18.412787,0.0036958176
18.429465,0.0040423005
18.446143,0.0043887833999999995
18.462821,0.0047352663
18.4795,0.0047352663
18.496178,0.005081749199999999
18.512856,0.0047352663
18.529534,0.0047352663
18.546213,0.0043887833999999995
18.562891,0.0043887833999999995
18.579569,0.0043887833999999995
18.596247,0.0040423005
18.612926,0.0040423005
18.629604,0.0040423005
18.646282,0.0036958176
18.66296,0.0036958176
18.679639,0.0033493347
18.696317,0.0033493347
18.712995,0.0030028518
18.729673,0.0030028518
18.746352,0.0030028518
18.76303,0.0030028518
18.779708,0.0026563689
18.796386,0.0026563689
18.813065,0.002309886
18.829743,0.002309886
18.846421,0.002309886
18.863099,0.002309886
18.879778,0.0019634031
18.896456,0.0016169202
18.913134,0.0012704372999999998
18.929812,0.0016169202
18.946491,0.0016169202
18.963169,0.0016169202
18.979847,0.0016169202
18.996525,0.0012704372999999998
19.013204,0.0012704372999999998
19.029882,0.0012704372999999998
19.04656,0.0009239544
19.063238,0.0012704372999999998
19.079917,0.0009239544
19.096595,0.0012704372999999998
19.113273,0.0012704372999999998
19.129951,0.0009239544
19.14663,0.0009239544
19.163308,0.0009239544
19.179986,0.0005774715
19.196664,0.0009239544
19.213343,0.0005774715
19.230021,0.0005774715
19.246699,0.0005774715
19.263377,0.0005774715
19.280056,0.0005774715
19.296734,0.0005774715
19.313412,0.0005774715
19.33009,0.0005774715
19.346769,0.0005774715
19.363447,0.0005774715
19.380125,0.0009239544
19.396803,0.0005774715
19.413482,0.0005774715
19.43016,0.0005774715
19.446838,0.0005774715
19.463516,0.0005774715
19.480195,0.0002309886
19.496873,0.0002309886
19.513551,0.0002309886
19.530229,0.0
19.546908,0.0
19.563586,0.0
19.580264,0.0
19.596942,0.0
19.613621,0.0
19.630299,0.0
19.646977,0.0
19.663655,0.0
19.680334,0.0
19.697012,0.0
19.71369,0.0
19.730368,0.0
19.747047,0.0
19.763725,0.0
19.780403,0.0
19.797081,0.0
19.81376,0.0
19.830438,0.0
19.847116,0.0
19.863794,0.0
19.880473,0.0
19.897151,0.0
19.913829,0.0
19.930507,0.0
19.947186,0.0
19.963864,0.0
19.980542,0.0
19.99722,0.0
20.013899,0.0
20.030577,0.0
20.047255,0.0
20.063933,0.0
20.080612,0.0
20.09729,0.0
20.113968,0.0
20.130646,0.0
20.147325,0.0
20.164003,0.0
20.180681,0.0
20.197359,0.0
20.214038,0.0
20.230716,0.0
20.247394,0.0
20.264072,0.0
20.280751,0.0
20.297429,0.0
20.314107,0.0
20.330785,0.0
20.347464,0.0
20.364142,0.0
20.38082,0.0
20.397498,0.0
20.414177,0.0
20.430855,0.0
20.447533,0.0
20.464211,0.0
20.48089,0.0
20.497568,0.0
20.514246,0.0
20.530924,0.0
20.547603,0.0
20.564281,0.0
20.580959,0.0
20.597637,0.0
20.614315,0.0
20.630994,0.0
20.647672,0.0
20.66435,0.0
20.681028,0.0
20.697707,0.0
20.714385,0.0
20.731063,0.0
20.747741,0.0
20.76442,0.0
20.781098,0.0
20.797776,0.0
20.814454,0.0
20.831133,0.0
20.847811,0.0
20.864489,0.0
20.881167,0.0
20.897846,0.0
20.914524,0.0
20.931202,0.0
20.94788,0.0
20.964559,0.0
20.981237,0.0
20.997915,0.0
21.014593,0.0
21.031272,0.0
21.04795,0.0
21.064628,0.0
21.081306,0.0
21.097985,0.0
21.114663,0.0
21.131341,0.0
21.148019,0.0
21.164698,0.0
21.181376,0.0
21.198054,0.0
21.214732,0.0
21.231411,0.0
21.248089,0.0
21.264767,0.0
21.281445,0.0
21.298124,0.0
21.314802,0.0
21.33148,0.0
21.348158,0.0
21.364837,0.0
21.381515,0.0
21.398193,0.0
21.414871,0.0
21.43155,0.0
21.448228,0.0
21.464906,0.0
21.481584,0.0
21.498263,0.0
21.514941,0.0
21.531619,0.0
21.548297,0.0
21.564976,0.0
21.581654,0.0
21.598332,0.0
21.61501,0.0
21.631689,0.0
21.648367,0.0
21.665045,0.0
21.681723,0.0
21.698402,0.0
21.71508,0.0
21.731758,0.0
21.748436,0.0
21.765115,0.0
21.781793,0.0
21.798471,0.0
21.815149,0.0
21.831828,0.0
21.848506,0.0
21.865184,0.0
21.881862,0.0
21.898541,0.0
21.915219,0.0
21.931897,0.0
21.948575,0.0
21.965254,0.0
21.981932,0.0
21.99861,0.0
22.015288,0.0
22.031967,0.0
22.048645,0.0
22.065323,0.0
22.082001,0.0
22.09868,0.0
22.115358,0.0
22.132036,0.0
22.148714,0.0
22.165393,0.0
22.182071,0.0
22.198749,0.0
22.215427,0.0
22.232106,0.0
22.248784,0.0
22.265462,0.0
22.28214,0.0
22.298819,0.0
22.315497,0.0
22.332175,0.0
22.348853,0.0
22.365532,0.0
22.38221,0.0
22.398888,0.0
22.415566,0.0
22.432245,0.0
22.448923,0.0
22.465601,0.0
22.482279,0.0
22.498958,0.0
22.515636,0.0
22.532314,0.0
22.548992,0.0
22.565671,0.0
22.582349,0.0
22.599027,0.0
22.615705,0.0
22.632384,0.0
22.649062,0.0
22.66574,0.0
22.682418,0.0
22.699097,0.0
22.715775,0.0
22.732453,0.0
22.749131,0.0
22.76581,0.0
22.782488,0.0
22.799166,0.0
22.815844,0.0
22.832523,0.0
22.849201,0.0
22.865879,0.0
22.882557,0.0
22.899236,0.0
22.915914,0.0
22.932592,0.0
22.94927,0.0
22.965949,0.0
22.982627,0.0
22.999305,0.0
23.015983,0.0
23.032662,0.0
23.04934,0.0
23.066018,0.0
23.082696,0.0
23.099375,0.0
23.116053,0.0
23.132731,0.0
23.149409,0.0
23.166088,0.0
23.182766,0.0
23.199444,0.0
23.216122,0.0
23.232801,0.0
23.249479,0.0
23.266157,0.0
23.282835,0.0
23.299514,0.0
23.316192,0.0
23.33287,0.0
23.349548,0.0
23.366227,0.0
23.382905,0.0
23.399583,0.0
23.416261,0.0
23.43294,0.0
23.449618,0.0
23.466296,0.0
23.482974,0.0
23.499653,0.0
23.516331,0.0
23.533009,0.0
23.549687,0.0
23.566366,0.0
23.583044,0.0
23.599722,0.0
23.6164,0.0
23.633079,0.0
23.649757,0.0
23.666435,0.0
23.683113,0.0
23.699792,0.0
23.71647,0.0
23.733148,0.0
23.749826,0.0
23.766505,0.0
23.783183,0.0
23.799861,0.0
23.816539,0.0
23.833218,0.0
23.849896,0.0
23.866574,0.0
23.883252,0.0
23.899931,0.0
23.916609,0.0
23.933287,0.0
23.949965,0.0
23.966644,0.0
23.983322,0.0
24.0,0.0
